E:\yolov7-obb-master\VOCdevkit/VOC2007/JPEGImages/P0000__1024__0___0.png 658,242,648,237,657,222,667,225,7 735,122,754,129,750,136,733,128,7 773,137,788,144,784,151,770,144,7 809,153,827,161,823,168,806,160,7 696,122,705,124,697,141,691,137,7 707,126,714,130,706,145,700,141,7 711,140,718,141,712,157,706,154,7 924,113,926,106,945,115,942,122,7 935,95,939,88,955,97,950,104,7 856,282,864,286,856,303,849,298,7 640,310,631,304,639,290,646,293,7 612,341,607,336,613,324,621,329,7 628,303,623,300,628,287,636,290,7 791,349,796,351,789,367,785,363,7 799,354,805,357,799,370,793,368,7 823,361,830,364,823,376,817,372,7
E:\yolov7-obb-master\VOCdevkit/VOC2007/JPEGImages/P0000__1024__0___1648.png 624,44,620,36,634,27,637,34,7 425,207,424,199,441,193,442,201,7 477,204,474,198,492,188,496,196,7 384,236,383,230,396,226,398,233,7 402,231,399,224,416,218,418,226,7 42,197,44,189,63,195,61,203,7 106,167,108,159,129,162,128,169,7 281,34,273,29,281,17,287,20,7 225,962,231,961,234,978,227,980,7 220,1006,228,1004,230,1022,222,1024,7
E:\yolov7-obb-master\VOCdevkit/VOC2007/JPEGImages/P0000__1024__0___2472.png 803,707,800,715,783,708,787,700,7 926,664,930,670,914,679,910,671,7 190,229,199,226,203,251,194,252,6 225,138,231,137,234,154,227,156,7 220,182,228,180,230,198,222,200,7
E:\yolov7-obb-master\VOCdevkit/VOC2007/JPEGImages/P0000__1024__0___3296.png 538,163,543,156,557,163,552,171,7 859,479,867,472,879,485,871,491,6 873,463,889,476,884,481,869,469,6 876,460,883,455,896,468,890,472,6 964,391,972,385,982,403,973,410,6 974,383,984,378,996,399,987,405,6 998,373,1007,369,1018,389,1008,394,6
E:\yolov7-obb-master\VOCdevkit/VOC2007/JPEGImages/P0000__1024__0___4120.png
E:\yolov7-obb-master\VOCdevkit/VOC2007/JPEGImages/P0000__1024__0___4478.png
E:\yolov7-obb-master\VOCdevkit/VOC2007/JPEGImages/P0000__1024__0___824.png 896,197,903,200,898,214,891,211,7 948,244,955,245,949,262,942,260,7 909,229,921,216,927,223,914,235,7 936,239,943,241,939,256,932,253,7 624,868,620,860,634,851,637,858,7 477,1028,474,1022,492,1012,496,1020,7 319,733,327,736,318,752,310,749,7 344,741,351,745,345,760,338,757,7 42,1021,44,1013,63,1019,61,1027,7 106,991,108,983,129,986,128,993,7 281,858,273,853,281,841,287,844,7
E:\yolov7-obb-master\VOCdevkit/VOC2007/JPEGImages/P0000__1024__1648___0.png
E:\yolov7-obb-master\VOCdevkit/VOC2007/JPEGImages/P0000__1024__1648___1648.png
E:\yolov7-obb-master\VOCdevkit/VOC2007/JPEGImages/P0000__1024__1648___2472.png 601,506,603,496,630,506,626,515,6 605,493,608,484,636,495,631,504,6
E:\yolov7-obb-master\VOCdevkit/VOC2007/JPEGImages/P0000__1024__1648___3296.png 451,529,460,528,461,551,452,551,6
E:\yolov7-obb-master\VOCdevkit/VOC2007/JPEGImages/P0000__1024__1648___4120.png
E:\yolov7-obb-master\VOCdevkit/VOC2007/JPEGImages/P0000__1024__1648___4478.png
E:\yolov7-obb-master\VOCdevkit/VOC2007/JPEGImages/P0000__1024__1648___824.png
E:\yolov7-obb-master\VOCdevkit/VOC2007/JPEGImages/P0000__1024__2472___1648.png 433,645,483,530,620,585,566,702,0 683,268,730,156,859,213,809,316,0 736,130,781,18,916,73,863,184,0 132,111,24,134,-7,-4,99,-31,0
E:\yolov7-obb-master\VOCdevkit/VOC2007/JPEGImages/P0000__1024__2472___2472.png
E:\yolov7-obb-master\VOCdevkit/VOC2007/JPEGImages/P0000__1024__2472___3296.png 398,954,444,972,440,987,394,967,6 875,334,909,351,901,362,868,344,6 568,849,516,954,394,905,440,795,0 762,489,735,553,648,521,678,452,0 875,224,843,289,759,253,790,187,0 214,624,164,510,293,460,348,570,0
E:\yolov7-obb-master\VOCdevkit/VOC2007/JPEGImages/P0000__1024__2472___4120.png 568,25,516,130,394,81,440,-29,0
E:\yolov7-obb-master\VOCdevkit/VOC2007/JPEGImages/P0000__1024__2472___4478.png
E:\yolov7-obb-master\VOCdevkit/VOC2007/JPEGImages/P0000__1024__2472___824.png 464,258,415,373,310,328,363,220,0
E:\yolov7-obb-master\VOCdevkit/VOC2007/JPEGImages/P0000__1024__2851___1648.png 357,130,402,18,537,73,484,184,0
E:\yolov7-obb-master\VOCdevkit/VOC2007/JPEGImages/P0000__1024__2851___3296.png 19,954,65,972,61,987,15,967,6 496,334,530,351,522,362,489,344,6 189,849,137,954,15,905,61,795,0 383,489,356,553,269,521,299,452,0 496,224,464,289,380,253,411,187,0
E:\yolov7-obb-master\VOCdevkit/VOC2007/JPEGImages/P0000__1024__2851___4478.png
E:\yolov7-obb-master\VOCdevkit/VOC2007/JPEGImages/P0000__1024__824___0.png 32,282,40,286,32,303,25,298,7
E:\yolov7-obb-master\VOCdevkit/VOC2007/JPEGImages/P0000__1024__824___2472.png 252,500,258,504,248,519,241,513,7 303,522,309,527,300,541,293,535,7 269,523,278,528,268,545,259,538,7 190,592,198,599,186,612,179,603,7 102,664,106,670,90,679,86,671,7
E:\yolov7-obb-master\VOCdevkit/VOC2007/JPEGImages/P0000__1024__824___3296.png 796,691,816,811,715,835,685,712,0 35,479,43,472,55,485,47,491,6 49,463,65,476,60,481,45,469,6 52,460,59,455,72,468,66,472,6 140,391,148,385,158,403,149,410,6 150,383,160,378,172,399,163,405,6 174,373,183,369,194,389,184,394,6 307,364,295,362,296,337,307,336,6 770,532,780,537,769,558,759,552,6
E:\yolov7-obb-master\VOCdevkit/VOC2007/JPEGImages/P0000__1024__824___4120.png
E:\yolov7-obb-master\VOCdevkit/VOC2007/JPEGImages/P0000__1024__824___4478.png
E:\yolov7-obb-master\VOCdevkit/VOC2007/JPEGImages/P0001__1024__0___0.png
E:\yolov7-obb-master\VOCdevkit/VOC2007/JPEGImages/P0001__1024__0___1648.png
E:\yolov7-obb-master\VOCdevkit/VOC2007/JPEGImages/P0001__1024__0___2472.png 670,131,671,109,735,111,736,135,1 708,650,708,621,819,622,819,652,1 633,598,633,574,704,571,705,599,1
E:\yolov7-obb-master\VOCdevkit/VOC2007/JPEGImages/P0001__1024__0___3296.png 686,430,684,448,629,445,632,423,1 677,603,674,624,580,617,581,595,1 555,673,562,638,670,654,665,692,1 620,814,617,848,528,840,530,808,1 454,984,452,967,492,964,494,983,1 524,1011,522,968,663,968,663,1014,1
E:\yolov7-obb-master\VOCdevkit/VOC2007/JPEGImages/P0001__1024__0___4120.png 524,187,522,144,663,144,663,190,1 540,370,540,353,606,354,600,383,1 776,374,748,361,765,294,805,308,1 537,819,537,799,579,796,590,820,1
E:\yolov7-obb-master\VOCdevkit/VOC2007/JPEGImages/P0001__1024__0___4750.png 545,575,541,554,587,547,589,569,1
E:\yolov7-obb-master\VOCdevkit/VOC2007/JPEGImages/P0001__1024__0___824.png
E:\yolov7-obb-master\VOCdevkit/VOC2007/JPEGImages/P0001__1024__228___0.png
E:\yolov7-obb-master\VOCdevkit/VOC2007/JPEGImages/P0001__1024__228___1648.png
E:\yolov7-obb-master\VOCdevkit/VOC2007/JPEGImages/P0001__1024__228___2472.png 442,131,443,109,507,111,508,135,1 480,650,480,621,591,622,591,652,1 405,598,405,574,476,571,477,599,1
E:\yolov7-obb-master\VOCdevkit/VOC2007/JPEGImages/P0001__1024__228___3296.png 458,430,456,448,401,445,404,423,1 449,603,446,624,352,617,353,595,1 327,673,334,638,442,654,437,692,1 392,814,389,848,300,840,302,808,1 226,984,224,967,264,964,266,983,1 296,1011,294,968,435,968,435,1014,1
E:\yolov7-obb-master\VOCdevkit/VOC2007/JPEGImages/P0001__1024__228___4750.png 317,575,313,554,359,547,361,569,1
E:\yolov7-obb-master\VOCdevkit/VOC2007/JPEGImages/P0001__1024__228___824.png 773,86,755,85,758,40,778,41,1
E:\yolov7-obb-master\VOCdevkit/VOC2007/JPEGImages/P0002__1024__0___0.png 970,806,990,796,1049,883,1026,894,6 875,805,894,793,956,889,936,899,6 536,799,554,789,614,880,593,892,6 468,800,487,787,546,879,524,891,6 502,801,520,788,581,882,558,893,6 574,804,594,796,652,886,632,900,6 840,806,859,793,921,890,899,901,6 605,801,621,790,684,884,662,896,6 641,806,662,795,722,885,700,896,6 705,805,725,793,786,883,761,897,6 740,805,761,793,819,886,796,899,6 772,800,790,789,849,883,829,893,6 804,800,825,791,883,886,863,896,6 1011,393,1035,406,980,498,960,481,6 979,394,1003,407,948,494,927,479,6 943,393,969,406,915,494,896,481,6 910,398,934,410,880,502,856,484,6 866,420,883,434,831,519,810,506,6 843,391,870,407,812,497,789,480,6 809,391,834,404,775,494,757,483,6 778,390,803,403,748,495,726,480,6 707,397,732,413,676,502,654,489,6 676,389,703,404,648,492,625,477,6 642,388,666,400,614,490,590,477,6 608,390,631,406,577,495,555,480,6 577,390,598,403,542,496,520,481,6 543,389,566,402,510,494,489,480,6 513,386,535,400,485,483,463,466,6 1050,774,1027,787,969,695,993,682,6 1020,781,997,795,941,701,963,688,6 986,777,964,790,905,700,928,683,6 953,779,930,791,870,699,895,685,6 883,775,859,786,804,695,826,680,6 851,777,827,788,770,696,796,681,6 817,775,795,787,738,697,760,684,6 784,776,762,789,704,703,729,687,6 750,775,728,786,670,696,690,685,6 718,776,693,788,638,698,660,683,6 682,773,660,785,599,692,623,678,6 615,769,591,784,534,692,556,677,6 582,771,556,783,499,691,521,678,6 549,774,524,784,466,692,490,677,6 73,331,63,349,49,341,50,321,7 334,95,376,89,378,105,339,111,7 328,123,366,115,369,130,331,137,7 265,533,266,510,368,510,369,532,6 228,589,228,567,328,569,328,592,6 208,620,208,598,308,599,307,621,6 188,649,190,625,290,627,290,649,6 79,358,72,377,50,363,50,345,7 474,388,501,401,445,492,421,476,6
E:\yolov7-obb-master\VOCdevkit/VOC2007/JPEGImages/P0002__1024__0___824.png 574,-20,594,-28,652,62,632,76,6 840,-18,859,-31,921,66,899,77,6 605,-23,621,-34,684,60,662,72,6 641,-18,662,-29,722,61,700,72,6 705,-19,725,-31,786,59,761,73,6 740,-19,761,-31,819,62,796,75,6 804,-24,825,-33,883,62,863,72,6 960,284,940,270,974,221,995,233,6 495,275,478,263,511,212,530,225,6 531,273,512,262,544,210,565,222,6 769,270,747,258,783,207,803,218,6 565,274,543,263,578,211,600,222,6 863,282,843,270,874,220,894,231,6 896,281,877,271,909,221,928,232,6 996,285,975,270,1011,219,1031,230,6 466,272,445,259,478,207,497,220,6 423,280,404,268,438,216,458,229,6 397,274,376,263,411,210,430,224,6 366,272,345,260,376,207,398,219,6 330,272,309,259,343,207,365,222,6 295,278,271,265,305,213,328,226,6 258,277,236,263,269,213,291,226,6 221,271,204,259,238,210,257,224,6 997,587,1017,585,1017,628,996,629,7 974,930,996,931,997,978,977,978,7 825,643,842,643,843,685,825,683,7 961,647,982,643,977,684,960,686,7 846,637,827,637,827,595,847,593,7 596,548,597,567,498,576,496,553,6 541,643,521,635,540,580,563,588,6 748,686,733,683,731,643,748,638,7 51,667,30,652,71,602,88,618,6 116,722,96,704,133,658,152,673,6 176,778,156,763,197,716,217,731,6 201,798,183,786,223,737,240,750,6 226,822,205,803,245,758,262,772,6 333,793,352,779,395,831,374,845,6 293,896,281,883,312,855,324,867,7 425,287,446,299,411,353,394,337,6 221,288,242,299,208,353,186,339,6 254,288,274,302,240,355,219,341,6 279,302,302,315,268,368,245,351,6 320,288,342,300,312,353,289,342,6 350,298,370,310,338,362,317,348,6 391,291,410,301,375,356,357,340,6 455,295,476,306,443,360,422,345,6 724,296,744,307,715,360,693,347,6 491,294,511,305,476,358,456,344,6 524,291,546,300,514,358,491,341,6 549,298,574,311,540,366,520,352,6 584,303,605,315,569,369,549,353,6 620,300,640,313,606,366,586,350,6 656,297,676,308,644,360,622,346,6 177,304,198,319,163,370,141,355,6 692,294,711,305,677,360,659,347,6 757,295,778,305,745,361,726,349,6 791,297,809,307,777,360,759,348,6 1024,302,1044,316,1009,365,991,351,6 995,296,1013,307,979,360,960,347,6 961,300,979,312,941,362,925,348,6 924,292,944,301,912,357,893,345,6 818,304,840,315,809,367,785,354,6
E:\yolov7-obb-master\VOCdevkit/VOC2007/JPEGImages/P0002__1024__1533___0.png 42,811,60,798,120,892,99,903,6 487,781,466,792,410,709,432,693,6 521,780,498,795,443,708,468,693,6 556,782,535,796,480,713,504,698,6 586,779,564,791,510,707,531,690,6 73,811,93,800,157,892,130,904,6 145,816,166,802,227,898,201,912,6 215,819,234,809,294,898,270,911,6 178,814,199,805,257,895,235,908,6 513,816,533,805,591,896,567,909,6 480,816,499,804,557,894,534,905,6 445,814,463,802,524,891,503,904,6 410,813,428,801,490,893,468,906,6 378,815,398,804,457,893,435,905,6 347,818,367,805,425,895,404,910,6 310,814,331,802,386,893,368,903,6 286,827,304,815,365,907,343,922,6 243,811,262,799,321,891,301,903,6 448,773,427,784,372,699,395,686,6 419,781,398,793,342,709,365,693,6 387,782,365,795,311,711,332,698,6 156,436,180,448,123,536,101,521,6 539,470,562,484,501,576,480,558,6 186,442,212,457,154,545,134,529,6 250,448,275,464,220,547,193,532,6 319,447,341,459,283,552,262,538,6 380,452,406,468,348,559,324,540,6 449,456,473,469,411,560,389,542,6 481,454,504,469,448,560,425,546,6 514,455,538,467,483,552,464,539,6 572,470,596,485,538,577,515,560,6 354,784,334,796,278,711,301,697,6 639,468,663,482,604,580,581,563,6 115,777,93,789,47,713,69,698,6 220,782,197,795,143,709,168,692,6 258,788,236,800,181,714,204,699,6 288,782,265,796,213,707,233,696,6 322,784,303,795,249,712,269,700,6 766,479,793,493,741,583,716,568,6 733,481,757,495,703,589,678,574,6 706,470,729,484,673,577,651,563,6 669,472,695,486,637,583,614,567,6 735,72,759,68,775,101,758,107,7 847,587,846,609,759,615,757,591,6 844,625,843,647,755,648,756,626,6 847,653,848,674,761,673,761,652,6 849,682,851,702,759,702,759,681,6 848,707,849,727,764,731,759,710,6 851,739,849,759,764,754,766,732,6 847,961,846,982,763,982,763,960,6 847,934,847,956,762,953,763,932,6 846,906,844,928,762,926,764,904,6 845,876,845,901,759,900,759,878,6 842,849,842,869,755,872,755,850,6 848,822,848,843,761,842,762,819,6 849,791,851,815,760,817,757,793,6 844,764,845,786,754,787,756,765,6
E:\yolov7-obb-master\VOCdevkit/VOC2007/JPEGImages/P0002__1024__1533___824.png 42,-13,60,-26,120,68,99,79,6 73,-13,93,-24,157,68,130,80,6 145,-8,166,-22,227,74,201,88,6 215,-5,234,-15,294,74,270,87,6 178,-10,199,-19,257,71,235,84,6 513,-8,533,-19,591,72,567,85,6 480,-8,499,-20,557,70,534,81,6 445,-10,463,-22,524,67,503,80,6 410,-11,428,-23,490,69,468,82,6 378,-9,398,-20,457,69,435,81,6 347,-6,367,-19,425,71,404,86,6 310,-10,331,-22,386,69,368,79,6 286,3,304,-9,365,83,343,98,6 243,-13,262,-25,321,67,301,79,6 839,860,838,881,740,876,742,852,6 837,895,839,918,744,913,745,890,6 829,930,830,949,738,950,739,927,6 821,975,819,996,721,994,722,971,6 826,1006,828,1029,734,1031,734,1008,6 186,926,203,927,200,965,184,963,7 584,654,602,657,591,698,574,694,7 180,620,195,620,195,658,177,658,7 841,824,837,844,737,832,743,811,6 846,794,843,815,745,803,749,779,6 848,759,845,781,747,770,750,747,6 852,729,850,751,750,740,753,718,6 843,371,844,394,778,397,778,374,6 847,312,850,333,770,337,771,313,6 846,282,847,304,768,306,768,284,6 846,250,849,274,768,278,768,253,6 846,193,847,218,766,216,765,192,6 847,137,846,158,763,158,763,136,6 847,110,847,132,762,129,763,108,6 846,82,844,104,762,102,764,80,6 845,52,845,77,759,76,759,54,6 842,25,842,45,755,48,755,26,6 848,-2,848,19,761,18,762,-5,6 565,310,587,325,549,375,530,361,6 532,304,554,318,517,372,498,358,6 497,305,519,317,486,373,465,360,6 568,295,551,283,585,234,604,245,6 537,290,518,278,552,227,572,238,6 502,293,482,280,519,229,537,242,6 471,290,454,279,488,227,505,238,6 438,292,418,283,451,231,471,241,6 402,291,384,280,421,229,438,240,6 370,290,352,279,385,227,404,239,6 335,293,315,281,349,230,369,241,6 302,291,283,281,319,225,338,237,6 271,295,249,284,279,231,302,242,6 237,290,217,275,252,224,273,239,6 199,292,179,277,213,227,235,241,6 98,292,79,279,114,229,133,241,6 64,293,46,280,79,230,98,241,6 31,290,13,279,48,228,65,240,6 1,289,-20,275,15,226,35,237,6 465,306,485,316,452,369,433,359,6 201,302,220,316,184,365,166,350,6 28,301,50,313,16,366,-3,354,6 64,303,84,313,50,367,31,356,6 130,302,152,313,118,368,97,354,6 160,311,180,324,144,378,125,364,6 228,314,250,326,213,377,194,362,6 263,309,285,320,253,374,230,359,6 294,306,317,318,284,372,262,360,6 330,306,351,317,319,371,298,356,6 365,306,387,317,353,369,332,358,6 396,308,415,321,382,372,362,358,6 432,309,450,319,417,372,397,357,6
E:\yolov7-obb-master\VOCdevkit/VOC2007/JPEGImages/P0002__1024__824___0.png 253,811,272,802,333,894,311,907,6 345,805,367,794,429,885,401,897,6 385,812,407,799,466,891,441,904,6 456,816,476,805,536,896,510,909,6 484,811,507,799,566,892,543,903,6 549,806,567,794,628,889,607,901,6 84,806,101,794,169,886,145,899,6 587,815,605,800,665,895,644,907,6 616,810,636,797,695,888,674,901,6 651,810,668,800,729,891,709,903,6 686,811,700,798,765,895,742,903,6 718,814,739,800,797,891,777,907,6 751,811,769,798,829,892,808,903,6 146,806,166,796,225,883,202,894,6 51,805,70,793,132,889,112,899,6 16,806,35,793,97,890,75,901,6 -20,800,1,791,59,886,39,896,6 782,811,802,800,866,892,839,904,6 854,816,875,802,936,898,910,912,6 924,819,943,809,1003,898,979,911,6 887,814,908,805,966,895,944,908,6 952,811,971,799,1030,891,1010,903,6 731,436,755,449,696,534,676,518,6 388,399,411,412,354,502,331,484,6 417,406,440,421,383,507,361,492,6 444,411,467,427,413,512,390,498,6 473,419,498,433,442,519,420,502,6 540,419,564,431,509,519,484,503,6 606,421,629,435,573,521,549,506,6 865,436,889,448,832,536,810,521,6 895,442,921,457,863,545,843,529,6 959,448,984,464,929,547,902,532,6 1028,447,1050,459,992,552,971,538,6 292,392,317,405,260,495,235,480,6 223,391,247,406,191,493,171,480,6 187,393,211,406,156,498,136,481,6 155,394,179,407,124,494,103,479,6 119,393,145,406,91,494,72,481,6 86,398,110,410,56,502,32,484,6 42,420,59,434,7,519,-14,506,6 460,779,438,790,384,704,407,690,6 226,774,203,787,145,695,169,682,6 288,768,265,780,206,689,230,673,6 325,774,302,788,245,697,267,681,6 357,768,331,782,275,692,297,677,6 308,691,330,678,392,770,369,787,6 427,779,406,789,352,706,373,690,6 558,775,534,786,481,701,503,687,6 620,714,642,697,691,775,670,787,6 824,777,802,789,756,713,778,698,6 929,782,906,795,852,709,877,692,6 967,788,945,800,890,714,913,699,6 997,782,974,796,922,707,942,696,6 1031,784,1012,795,958,712,978,700,6 196,781,173,795,117,701,139,688,6 162,777,140,790,81,700,104,683,6 129,779,106,791,46,699,71,685,6 59,775,35,786,-20,695,2,680,6
E:\yolov7-obb-master\VOCdevkit/VOC2007/JPEGImages/P0002__1024__824___824.png 253,-13,272,-22,333,70,311,83,6 345,-19,367,-30,429,61,401,73,6 385,-12,407,-25,466,67,441,80,6 456,-8,476,-19,536,72,510,85,6 484,-13,507,-25,566,68,543,79,6 549,-18,567,-30,628,65,607,77,6 84,-18,101,-30,169,62,145,75,6 587,-9,605,-24,665,71,644,83,6 616,-14,636,-27,695,64,674,77,6 651,-14,668,-24,729,67,709,79,6 686,-13,700,-26,765,71,742,79,6 718,-10,739,-24,797,67,777,83,6 751,-13,769,-26,829,68,808,79,6 146,-18,166,-28,225,59,202,70,6 51,-19,70,-31,132,65,112,75,6 612,284,589,270,624,219,645,232,6 16,-18,35,-31,97,66,75,77,6 782,-13,802,-24,866,68,839,80,6 854,-8,875,-22,936,74,910,88,6 924,-5,943,-15,1003,74,979,87,6 136,284,116,270,150,221,171,233,6 39,282,19,270,50,220,70,231,6 72,281,53,271,85,221,104,232,6 172,285,151,270,187,219,207,230,6 887,-10,908,-19,966,71,944,84,6 276,279,254,265,289,214,312,227,6 307,280,291,269,326,216,344,228,6 339,281,321,270,355,219,373,229,6 374,283,354,269,389,220,408,233,6 411,276,392,263,428,214,447,226,6 473,287,455,272,489,224,509,237,6 952,-13,971,-25,1030,67,1010,79,6 574,287,552,274,585,225,608,240,6 642,287,625,274,657,224,678,236,6 468,777,490,776,493,824,469,824,7 173,587,193,585,193,628,172,629,7 216,642,240,639,243,688,218,688,7 315,638,336,637,336,683,315,680,7 340,589,360,590,359,631,341,628,7 486,594,505,593,506,637,485,637,7 150,930,172,931,173,978,153,978,7 1,643,18,643,19,685,1,683,7 137,647,158,643,153,684,136,686,7 22,637,3,637,3,595,23,593,7 678,284,660,271,694,221,714,233,6 895,926,912,927,909,965,893,963,7 889,620,904,620,904,658,886,658,7 980,295,958,284,988,231,1011,242,6 946,290,926,275,961,224,982,239,6 908,292,888,277,922,227,944,241,6 807,292,788,279,823,229,842,241,6 773,293,755,280,788,230,807,241,6 740,290,722,279,757,228,774,240,6 710,289,689,275,724,226,744,237,6 910,302,929,316,893,365,875,350,6 671,302,691,313,656,365,637,353,6 703,304,723,315,690,369,670,357,6 737,301,759,313,725,366,706,354,6 773,303,793,313,759,367,740,356,6 839,302,861,313,827,368,806,354,6 869,311,889,324,853,378,834,364,6 937,314,959,326,922,377,903,362,6 972,309,994,320,962,374,939,359,6 1003,306,1026,318,993,372,971,360,6 636,303,658,315,623,369,603,355,6 606,299,625,312,593,364,572,350,6 568,304,590,316,555,368,538,356,6 533,306,556,316,522,370,500,358,6 499,305,520,317,487,369,468,355,6 470,302,488,315,454,366,436,356,6 435,302,454,313,420,367,401,355,6 399,305,420,318,382,372,364,357,6 367,302,385,315,350,366,332,355,6 333,301,353,313,320,366,299,353,6 302,298,322,311,288,363,267,350,6 234,300,255,311,223,362,202,349,6 200,302,220,316,185,365,167,351,6 171,296,189,307,155,360,136,347,6 137,300,155,312,117,362,101,348,6 100,292,120,301,88,357,69,345,6
E:\yolov7-obb-master\VOCdevkit/VOC2007/JPEGImages/P0003__1024__123___0.png 422,494,425,518,366,519,365,493,6 413,468,412,489,354,486,355,464,6 560,302,536,309,520,213,537,205,6 504,319,482,326,461,223,485,216,6 471,323,450,328,433,234,452,229,6 440,326,417,333,404,238,424,232,6 398,334,377,341,355,241,377,236,6 299,349,278,356,259,258,279,253,6 273,358,252,366,233,269,251,263,6 237,359,217,363,203,278,224,273,6 206,352,182,356,169,274,190,272,6 154,842,155,823,212,827,209,853,6 450,519,456,494,515,498,514,523,6 205,803,194,821,142,794,154,772,6 142,757,157,742,195,764,182,782,6 135,683,139,669,192,689,182,712,6 157,638,170,619,215,643,205,663,6 109,610,120,591,163,616,153,636,6 155,601,165,582,213,607,200,628,6 107,577,115,559,161,578,150,598,6 192,507,180,525,90,475,103,455,6 81,441,90,419,146,441,134,463,6 77,401,88,383,135,411,127,428,6 63,365,75,342,126,368,113,390,6 435,523,440,546,378,554,378,529,6 504,529,505,547,446,549,445,530,6 835,158,849,152,861,182,844,187,7 970,949,984,957,968,987,954,981,7 983,969,996,974,979,1012,962,1005,7 1003,747,987,757,965,714,982,706,6 966,632,982,621,1003,656,984,667,7 948,656,935,664,915,627,932,620,7 867,513,881,504,899,539,880,548,7 855,458,841,463,830,428,844,421,7 537,555,539,576,480,577,479,555,6 744,904,724,904,726,847,747,849,6 718,897,698,897,690,802,712,800,6 690,896,672,897,667,834,686,829,6 640,817,659,814,658,906,637,904,6 598,852,619,851,617,906,593,906,6 760,586,772,603,717,631,704,609,6 650,574,644,555,733,523,742,544,6 507,586,506,607,409,604,411,580,6 68,299,82,276,134,304,115,330,6
E:\yolov7-obb-master\VOCdevkit/VOC2007/JPEGImages/P0004__1024__0___0.png 526,591,528,571,623,578,621,599,6 504,614,506,591,632,603,629,622,6 521,636,521,617,635,627,634,644,6 518,656,523,639,638,646,635,669,6 528,681,533,662,611,669,610,690,6 194,230,197,249,121,259,118,242,6 217,249,220,271,118,283,117,264,6 205,272,208,293,118,303,113,284,6 219,293,226,315,128,329,124,307,6 229,318,232,336,136,351,133,331,6 239,336,243,356,146,371,144,351,6 244,359,247,378,152,393,148,374,6 235,385,240,402,146,419,144,399,6 263,407,265,427,166,440,166,418,6 259,432,260,454,143,472,140,447,6 371,589,389,591,381,684,360,681,6 258,459,261,477,136,502,133,480,6 258,484,263,502,154,524,150,504,6 258,507,264,527,166,549,161,529,6 258,534,264,553,151,582,148,561,6 272,579,274,601,174,605,174,586,6 271,606,274,626,156,636,156,612,6 268,632,271,651,171,656,171,636,6 495,567,498,546,621,553,622,573,6 509,522,511,503,607,506,606,526,6 261,694,261,717,150,714,152,692,6 511,497,513,479,627,480,627,502,6 273,92,291,88,305,177,286,180,6 294,88,312,84,326,176,308,178,6 317,86,334,82,348,175,330,178,6 339,94,356,89,369,180,350,184,6 359,87,377,84,389,176,373,180,6 390,93,408,92,412,185,392,186,6 417,92,433,90,436,184,418,185,6 439,98,457,97,458,188,441,189,6 460,94,477,94,479,186,462,186,6 481,91,498,91,498,183,481,183,6 561,111,576,121,516,194,502,184,6 513,203,621,184,625,204,515,222,6 508,228,618,211,621,228,511,247,6 511,249,630,229,633,249,514,267,6 517,268,638,256,639,276,518,288,6 526,311,524,292,616,282,619,299,6 506,336,505,316,618,304,621,324,6 518,356,518,338,629,329,632,349,6 511,381,508,363,603,352,606,371,6 513,403,511,385,633,372,636,392,6 511,428,511,409,638,402,641,424,6 518,453,516,435,628,428,628,448,6 519,473,521,458,603,455,604,474,6 286,656,287,676,171,677,169,658,6 274,738,274,760,154,757,157,736,6 314,727,298,726,299,689,314,688,7 454,38,453,60,386,57,387,34,6 788,76,806,76,804,111,786,109,7 812,159,824,162,822,193,809,196,7 781,214,797,215,798,246,780,246,7 751,278,736,276,736,241,754,240,7 806,250,818,250,818,283,804,284,7 745,591,726,589,729,550,746,549,7 83,864,98,861,103,898,87,899,7 109,859,125,859,126,892,110,893,7 100,927,119,926,121,979,103,982,6 56,942,69,939,73,974,58,977,7 123,982,132,992,109,1013,99,1003,7 45,356,32,356,33,323,46,322,7 83,235,96,233,98,265,83,267,7 196,4,197,17,163,14,162,2,7 324,711,327,690,375,691,374,711,6 551,25,546,43,508,36,513,17,7 315,31,313,54,250,51,252,30,6 273,781,275,803,158,804,157,782,6 275,806,276,828,157,830,157,809,6 268,861,269,879,153,878,153,858,6 275,881,277,901,147,903,147,880,6 277,904,279,924,149,928,149,908,6 278,926,280,946,150,951,151,933,6 285,951,286,975,158,978,158,956,6 280,978,281,996,151,1001,152,983,6 277,1003,277,1023,149,1026,150,1006,6 460,954,458,933,624,921,626,942,6 513,916,513,897,595,891,597,912,6 233,94,254,89,271,181,248,186,6
E:\yolov7-obb-master\VOCdevkit/VOC2007/JPEGImages/P0004__1024__0___440.png 526,151,528,131,623,138,621,159,6 504,174,506,151,632,163,629,182,6 521,196,521,177,635,187,634,204,6 518,216,523,199,638,206,635,229,6 528,241,533,222,611,229,610,250,6 259,-8,260,14,143,32,140,7,6 371,149,389,151,381,244,360,241,6 258,19,261,37,136,62,133,40,6 258,44,263,62,154,84,150,64,6 258,67,264,87,166,109,161,89,6 258,94,264,113,151,142,148,121,6 272,139,274,161,174,165,174,146,6 271,166,274,186,156,196,156,172,6 268,192,271,211,171,216,171,196,6 495,127,498,106,621,113,622,133,6 509,82,511,63,607,66,606,86,6 261,254,261,277,150,274,152,252,6 511,57,513,39,627,40,627,62,6 519,33,521,18,603,15,604,34,6 286,216,287,236,171,237,169,218,6 274,298,274,320,154,317,157,296,6 314,287,298,286,299,249,314,248,7 745,151,726,149,729,110,746,109,7 725,711,707,711,709,678,726,676,7 231,779,229,802,178,796,176,777,6 288,829,288,850,236,845,237,826,6 218,824,216,847,159,843,160,822,6 719,856,704,854,705,817,721,814,7 693,904,679,904,681,873,695,871,7 720,913,706,914,706,878,721,877,7 741,935,726,934,728,898,743,899,7 83,424,98,421,103,458,87,459,7 109,419,125,419,126,452,110,453,7 100,487,119,486,121,539,103,542,6 56,502,69,499,73,534,58,537,7 123,542,132,552,109,573,99,563,7 324,271,327,250,375,251,374,271,6 273,341,275,363,158,364,157,342,6 475,849,476,829,604,831,604,852,6 275,366,276,388,157,390,157,369,6 268,421,269,439,153,438,153,418,6 275,441,277,461,147,463,147,440,6 277,464,279,484,149,488,149,468,6 278,486,280,506,150,511,151,493,6 285,511,286,535,158,538,158,516,6 280,538,281,556,151,561,152,543,6 277,563,277,583,149,586,150,566,6 277,586,277,607,149,609,151,590,6 279,610,281,629,152,635,152,616,6 281,633,286,653,158,661,156,642,6 285,657,287,677,159,684,158,665,6 278,710,282,732,154,741,152,721,6 279,736,281,757,155,765,153,743,6 332,908,310,908,313,743,333,744,6 460,514,458,493,624,481,626,502,6 513,476,513,457,595,451,597,472,6 484,641,484,623,613,613,613,633,6 482,666,482,648,596,641,598,660,6 434,741,435,719,560,714,563,734,6 496,766,493,746,619,735,623,755,6 498,791,498,771,625,764,626,786,6 485,819,484,801,583,794,583,815,6
E:\yolov7-obb-master\VOCdevkit/VOC2007/JPEGImages/P0005__1024__0___0.png 278,786,279,766,373,768,372,789,6 276,815,279,793,372,798,371,818,6 277,844,276,823,369,826,366,848,6 275,871,276,853,368,856,368,876,6 268,901,271,881,353,886,353,907,6 492,187,491,207,389,204,393,184,6 491,211,489,232,403,229,404,207,6 468,265,468,288,398,284,399,263,6 468,292,469,313,400,314,402,293,6 490,350,489,371,423,366,424,347,6 467,378,465,397,394,396,396,374,6 486,404,486,426,418,424,420,404,6 488,435,487,456,418,449,421,430,6 461,460,463,479,394,480,397,456,6 481,487,479,511,408,508,413,485,6 473,518,471,541,401,534,404,514,6 460,546,460,567,400,566,402,544,6 462,575,461,594,389,592,394,571,6 473,601,473,623,404,621,408,597,6 459,631,456,651,386,649,390,626,6 474,657,475,677,412,679,414,656,6 473,689,473,708,404,705,406,686,6 469,716,468,738,401,731,403,713,6 468,746,466,766,403,759,405,738,6 470,771,471,790,411,789,411,769,6 456,801,454,825,393,816,394,794,6 453,827,454,847,391,843,393,821,6 453,856,451,876,391,875,393,850,6 463,884,464,901,403,905,404,884,6 278,755,281,736,371,742,371,760,6 278,702,280,680,370,684,369,705,6 80,754,78,774,34,774,34,755,7 279,672,282,651,373,654,372,676,6 96,254,178,257,178,279,97,278,6 174,311,173,332,89,333,88,312,6 189,345,186,366,90,362,91,339,6 189,457,189,478,95,474,97,454,6 191,487,190,508,91,503,94,482,6 184,516,183,536,86,531,89,511,6 186,544,186,564,90,560,90,541,6 186,573,184,592,88,590,92,569,6 179,602,178,625,97,621,100,600,6 170,660,168,681,89,679,91,658,6 166,687,168,707,86,711,87,691,6 165,718,162,736,81,732,83,713,6 164,745,162,763,83,765,84,743,6 161,774,161,794,80,792,79,772,6 152,802,148,821,88,817,90,797,6 146,831,146,849,84,851,85,831,6 149,857,146,878,88,878,88,858,6 147,886,147,907,87,907,88,885,6 286,211,286,189,374,189,373,209,6 284,243,285,221,375,225,374,246,6 282,358,284,338,372,341,371,366,6 282,414,283,391,374,397,373,418,6 283,442,284,423,375,426,374,447,6 284,475,284,453,374,456,374,474,6 280,529,283,504,376,514,376,533,6 283,558,284,540,376,542,376,561,6 279,586,282,566,374,571,373,591,6 276,618,276,595,368,599,368,619,6 281,644,282,626,374,628,371,648,6 578,284,579,263,628,264,627,284,6 576,312,579,293,628,298,628,314,6 576,338,578,319,626,323,626,339,6 572,367,574,349,623,349,621,369,6 34,2,53,1,49,32,31,32,7 46,39,63,38,61,73,41,74,7 166,86,166,106,121,107,120,85,7 224,82,226,99,186,102,185,87,7 461,25,481,30,470,70,452,64,7 500,32,518,34,512,73,494,70,7 517,32,535,34,531,75,513,74,7 534,37,549,38,546,68,531,67,7 571,74,551,75,549,38,569,37,7 575,27,595,27,596,69,575,69,7 620,32,638,33,638,65,620,65,7 671,32,692,31,695,73,674,75,7 421,155,421,135,466,134,466,153,7 412,136,413,155,369,158,368,139,7 322,142,322,161,282,162,282,143,7 277,144,279,162,236,167,234,148,7 231,147,234,165,190,171,187,153,7 36,318,38,299,81,304,79,321,7 40,342,41,326,80,326,81,342,7 39,373,39,357,83,359,82,376,7 38,397,39,381,81,382,81,399,7 34,419,34,402,80,406,78,422,7 36,443,36,426,80,426,79,444,7 26,562,27,535,81,538,81,563,7 80,620,76,637,37,632,40,615,7 78,663,78,681,38,683,37,665,7 77,582,76,600,38,601,38,582,7 76,644,76,664,32,663,33,644,7 77,691,77,710,29,710,29,691,7 696,911,684,895,723,860,736,878,6 694,879,682,860,719,828,731,844,6 693,846,680,827,718,792,731,808,6 570,861,573,841,624,845,621,865,6 574,396,574,377,621,378,621,397,6 576,426,578,406,626,408,626,426,6 573,454,574,436,621,436,621,455,6 574,479,576,462,626,463,623,481,6 573,508,573,488,621,488,621,508,6 573,538,573,519,621,518,622,536,6 568,563,571,543,620,546,619,568,6 569,592,571,573,622,577,619,597,6 566,617,569,600,618,601,614,622,6 574,649,576,628,625,628,624,649,6 565,674,571,656,619,659,618,678,6 566,705,566,686,617,685,617,706,6 570,833,571,814,626,817,624,836,6 568,890,569,869,621,874,617,894,6 698,805,686,789,722,755,736,771,6 565,916,571,897,620,898,615,921,6 695,351,683,336,719,302,733,317,6 701,418,686,402,722,367,736,383,6 696,454,682,436,722,407,736,424,6 695,490,683,469,723,442,734,457,6 701,520,687,503,728,471,740,487,6 701,556,684,540,726,508,740,523,6 698,593,686,570,728,544,739,560,6 698,627,687,607,727,577,740,594,6 696,662,684,642,723,613,736,630,6 704,695,689,677,728,645,741,662,6 698,735,684,718,721,684,734,701,6 703,769,688,751,723,718,737,731,6 99,222,181,226,180,246,97,242,6
E:\yolov7-obb-master\VOCdevkit/VOC2007/JPEGImages/P0007__1024__0___0.png 935,483,912,482,921,307,946,309,6 950,306,968,305,966,483,942,483,6 975,310,998,310,1000,485,974,485,6 937,519,961,517,959,688,931,687,6 903,789,905,811,745,803,748,778,6 909,835,908,857,737,843,737,823,6 900,873,900,897,749,891,751,865,6 216,488,217,470,258,469,256,488,7 868,338,890,337,888,478,865,478,6 610,716,609,736,569,734,570,715,7 79,118,98,121,92,165,73,164,7 451,467,459,484,417,504,410,486,7 414,430,408,415,449,396,455,411,7 371,499,364,485,405,465,412,481,7 370,451,363,435,402,419,408,434,7 364,412,404,395,411,411,371,429,7 368,406,362,391,402,373,408,387,7 131,566,130,545,181,542,181,561,7 947,165,942,148,986,138,990,154,7 72,224,93,225,90,264,71,263,7 414,411,407,394,448,374,454,391,7 414,479,408,463,442,447,449,464,7 412,458,406,441,446,422,454,439,7 416,359,408,343,447,327,454,343,7 412,388,406,370,444,355,450,372,7 452,278,460,299,416,315,408,295,7
E:\yolov7-obb-master\VOCdevkit/VOC2007/JPEGImages/P0007__1024__0___1113.png 852,261,853,288,682,284,686,262,6 853,237,854,257,682,257,682,237,6 840,211,840,231,661,226,662,203,6 863,514,839,489,944,364,963,379,6 851,439,851,459,676,453,679,429,6 839,378,841,399,674,393,675,372,6 837,497,836,516,665,507,667,486,6 483,477,483,456,664,458,664,481,6 334,749,334,773,159,765,160,741,6 331,719,332,740,152,741,152,717,6 613,622,614,599,772,605,772,624,6 475,585,476,564,654,573,654,594,6 485,558,489,537,667,545,667,567,6 475,534,475,509,661,513,661,534,6 481,506,485,485,663,489,663,512,6 491,449,493,424,672,430,670,453,6 840,525,839,548,662,538,664,515,6 494,418,497,395,672,401,672,424,6 489,391,492,369,672,372,670,395,6 496,359,498,337,672,345,672,369,6 490,301,495,280,671,290,670,312,6 500,277,503,255,681,261,679,285,6 494,249,495,228,677,236,676,256,6 836,579,836,601,660,597,663,573,6 331,674,332,699,161,694,165,670,6 328,641,330,666,157,664,155,641,6 339,584,339,605,160,603,158,579,6 340,556,339,578,162,575,164,552,6 345,301,345,322,173,315,173,289,6 360,130,357,150,185,147,190,122,6 359,156,357,178,181,177,182,153,6 361,184,362,205,191,199,191,179,6 357,214,354,235,173,225,176,201,6 354,243,352,263,180,257,181,234,6 348,269,348,290,177,285,176,261,6 348,326,350,346,172,345,172,320,6 348,359,349,379,173,369,175,349,6 345,387,345,410,169,401,171,377,6 344,416,345,435,167,433,169,407,6 337,443,335,463,183,458,186,439,6 336,468,338,491,159,485,161,462,6 341,502,340,526,168,521,169,496,6 339,530,336,551,160,545,163,525,6 41,639,66,639,55,804,30,802,6
E:\yolov7-obb-master\VOCdevkit/VOC2007/JPEGImages/P0007__1024__0___824.png 852,550,853,577,682,573,686,551,6 853,526,854,546,682,546,682,526,6 840,500,840,520,661,515,662,492,6 863,803,839,778,944,653,963,668,6 851,728,851,748,676,742,679,718,6 839,667,841,688,674,682,675,661,6 837,786,836,805,665,796,667,775,6 483,766,483,745,664,747,664,770,6 331,1008,332,1029,152,1030,152,1006,6 613,911,614,888,772,894,772,913,6 475,874,476,853,654,862,654,883,6 485,847,489,826,667,834,667,856,6 475,823,475,798,661,802,661,823,6 481,795,485,774,663,778,663,801,6 491,738,493,713,672,719,670,742,6 840,814,839,837,662,827,664,804,6 494,707,497,684,672,690,672,713,6 489,680,492,658,672,661,670,684,6 496,648,498,626,672,634,672,658,6 490,590,495,569,671,579,670,601,6 500,566,503,544,681,550,679,574,6 494,538,495,517,677,525,676,545,6 836,868,836,890,660,886,663,862,6 899,278,900,299,747,295,748,275,6 909,11,908,33,737,19,737,-1,6 900,49,900,73,749,67,751,41,6 331,963,332,988,161,983,165,959,6 328,930,330,955,157,953,155,930,6 339,873,339,894,160,892,158,868,6 340,845,339,867,162,864,164,841,6 345,590,345,611,173,604,173,578,6 360,419,357,439,185,436,190,411,6 359,445,357,467,181,466,182,442,6 361,473,362,494,191,488,191,468,6 357,503,354,524,173,514,176,490,6 354,532,352,552,180,546,181,523,6 348,558,348,579,177,574,176,550,6 348,615,350,635,172,634,172,609,6 348,648,349,668,173,658,175,638,6 345,676,345,699,169,690,171,666,6 344,705,345,724,167,722,169,696,6 337,732,335,752,183,747,186,728,6 336,757,338,780,159,774,161,751,6 341,791,340,815,168,810,169,785,6 339,819,336,840,160,834,163,814,6 565,190,567,211,385,211,385,186,6
E:\yolov7-obb-master\VOCdevkit/VOC2007/JPEGImages/P0007__1024__466___0.png 593,335,604,308,776,357,773,377,6 591,305,602,280,773,325,767,348,6 598,282,599,258,776,268,777,289,6 601,255,604,234,784,236,785,258,6 602,226,605,205,785,208,784,229,6 605,199,604,175,786,177,787,199,6 484,306,502,305,500,483,476,483,6 509,310,532,310,534,485,508,485,6 471,519,495,517,493,688,465,687,6 542,632,566,629,570,785,541,785,6 437,789,439,811,279,803,282,778,6 443,835,442,857,271,843,271,823,6 434,873,434,897,283,891,285,865,6 598,424,606,401,777,446,770,471,6 617,453,625,433,766,480,762,500,6 602,506,618,491,770,587,758,607,6 609,573,624,555,771,663,757,682,6 610,933,627,922,741,1052,721,1067,6 613,884,631,872,747,1007,728,1023,6 618,839,641,827,751,959,731,973,6 636,824,652,804,782,925,768,941,6 604,722,618,708,758,823,742,843,6 613,693,629,676,767,790,753,811,6 619,660,636,642,762,751,747,770,6 604,605,620,594,761,706,744,723,6 937,1002,938,980,996,983,994,1004,7 939,975,939,994,899,992,900,973,7 942,953,941,972,902,971,902,951,7 877,310,897,311,896,358,876,358,7 934,337,948,354,906,382,894,365,7 908,212,900,195,953,171,960,189,7 1015,308,1016,332,977,300,988,286,7 973,485,984,469,1009,490,1009,514,7 1012,459,1011,482,977,452,989,438,7 1013,427,1012,452,973,418,985,404,7 1012,395,1014,421,973,389,986,374,7 985,364,999,350,1014,364,1014,386,7 931,307,944,324,909,350,896,332,7 934,428,945,444,900,473,889,456,7 897,445,889,431,919,410,928,424,7 901,414,891,398,930,372,940,388,7 937,258,946,274,910,296,900,282,7 936,243,942,258,908,272,902,259,7 909,248,900,230,947,204,954,223,7 402,338,424,337,422,478,399,478,6 144,716,143,736,103,734,104,715,7 481,165,476,148,520,138,524,154,7
E:\yolov7-obb-master\VOCdevkit/VOC2007/JPEGImages/P0011__1024__343___502.png 353,91,375,81,455,236,433,249,6 377,78,396,67,479,224,458,236,6 402,67,423,56,502,214,482,224,6 431,62,452,53,524,201,504,213,6 453,55,474,45,549,194,528,204,6 476,42,496,33,582,188,558,200,6 496,24,518,14,602,169,583,182,6 521,15,542,4,624,160,606,170,6 587,-25,609,-36,691,117,671,129,6 545,2,559,-3,576,32,562,39,7 611,-37,633,-48,713,105,693,116,6 907,194,891,215,805,140,826,121,6 844,215,829,235,712,137,724,118,6 838,247,825,267,691,155,706,137,6 807,259,789,279,659,167,672,147,6 307,116,326,105,410,258,389,270,6 283,128,304,117,384,268,363,281,6 265,145,281,137,357,284,341,294,6 240,153,258,144,341,300,320,310,6 47,299,72,287,128,401,106,414,6 68,230,91,218,174,374,152,386,6 91,212,109,203,195,364,177,374,6 120,214,139,205,207,332,189,340,6 136,185,157,175,236,329,215,342,6 173,198,189,189,254,317,237,327,6 194,185,211,174,274,303,256,314,6 214,164,233,155,315,309,294,320,6 776,268,755,286,625,176,642,157,6 608,344,592,363,458,250,477,229,6 531,379,515,403,384,292,402,272,6 564,665,556,648,592,630,599,646,7 895,983,880,992,859,954,873,945,7 979,982,988,997,958,1020,948,1003,7 963,966,973,981,942,1001,933,985,7 907,1011,912,992,949,1008,942,1023,7 241,554,242,573,203,573,203,552,7 703,253,689,267,662,242,676,228,7 673,227,659,239,631,213,643,201,7 638,198,627,213,596,188,608,173,7 573,275,588,260,619,290,606,303,7 492,310,504,296,537,322,524,337,7 285,390,274,402,247,376,257,363,7 376,355,362,369,323,338,336,322,7 830,975,816,982,798,947,812,939,7 506,394,492,416,362,307,377,290,6 433,436,418,457,292,349,307,330,6 405,446,388,468,258,357,275,338,6 327,488,314,505,207,411,221,393,6 285,524,272,543,145,429,161,410,6 249,534,232,552,118,439,132,424,6 241,696,228,676,391,593,402,611,6 13,545,-5,536,14,493,32,501,7
E:\yolov7-obb-master\VOCdevkit/VOC2007/JPEGImages/P0012__1024__0___0.png 914,782,907,802,741,746,752,720,6 929,755,920,777,756,710,765,686,6 956,726,950,750,777,689,786,665,6 818,435,839,449,741,600,720,583,6 865,454,850,442,874,412,885,420,7 821,378,836,386,813,422,797,411,7 756,408,774,424,686,572,664,562,6 734,392,753,405,661,559,639,544,6 706,384,726,396,629,551,608,537,6 684,361,704,376,604,528,584,514,6 581,336,604,347,506,508,483,492,6 243,766,262,778,187,881,169,868,6 187,733,207,744,140,849,122,837,6 174,707,195,719,122,827,99,813,6 150,680,173,693,107,799,84,785,6 492,288,475,274,581,127,600,142,6 53,49,70,58,47,87,46,60,7 76,69,99,82,56,141,45,120,7 862,868,854,888,692,822,702,801,6 376,673,397,685,300,838,281,824,6 303,838,322,851,269,928,246,912,6 516,1000,498,991,525,946,543,956,7 660,954,677,954,666,998,650,995,7 521,892,540,904,447,1057,424,1047,6 251,855,267,866,248,897,231,879,7 497,881,516,892,419,1041,400,1028,6 469,864,490,876,398,1025,377,1011,6 446,840,466,851,369,1005,347,991,6 422,818,442,832,345,981,325,967,6 347,881,369,894,327,952,307,939,7 380,835,394,844,372,878,357,868,7 375,787,391,799,298,950,278,940,6 325,838,308,827,334,787,351,798,7 877,454,893,466,868,499,850,487,7 285,312,308,325,258,407,235,391,6
E:\yolov7-obb-master\VOCdevkit/VOC2007/JPEGImages/P0012__1024__0___824.png 991,363,983,380,940,354,951,338,7 937,199,941,174,997,173,997,194,7 584,390,644,433,632,452,572,411,7 809,468,792,462,808,416,826,424,7 889,286,915,291,886,471,849,464,6 865,215,884,226,849,288,831,274,6 825,291,845,303,771,415,750,401,6 862,44,854,64,692,-2,702,-23,6 303,14,322,27,269,104,246,88,6 516,176,498,167,525,122,543,132,7 806,297,790,287,814,247,828,255,7 775,304,794,316,761,376,736,364,6 780,233,799,247,709,402,688,388,6 752,225,773,240,675,383,658,373,6 661,247,685,258,642,327,617,313,7 735,222,720,208,750,180,760,191,7 660,130,677,130,666,174,650,171,7 621,138,643,153,550,303,527,286,6 521,68,540,80,447,233,424,223,6 251,31,267,42,248,73,231,55,7 497,57,516,68,419,217,400,204,6 469,40,490,52,398,201,377,187,6 446,16,466,27,369,181,347,167,6 422,-6,442,8,345,157,325,143,6 347,57,369,70,327,128,307,115,7 380,11,394,20,372,54,357,44,7 375,-37,391,-25,298,126,278,116,6 60,278,181,339,169,364,46,301,6 188,970,204,951,325,1030,313,1052,6 234,902,221,891,250,856,265,870,7 315,627,292,615,325,560,346,572,7 47,614,164,688,151,708,37,634,6 261,953,355,1012,341,1035,249,972,6 99,514,192,573,182,597,84,536,6 90,541,186,602,176,625,77,558,6 427,857,413,877,364,846,378,825,7 251,558,228,560,227,474,254,475,6 161,717,150,740,24,656,35,636,6 449,685,435,672,466,632,478,643,7 217,650,206,674,59,583,72,561,6 197,590,220,581,258,675,231,685,6 433,967,424,990,295,918,308,896,6 296,877,308,856,432,931,421,950,6 546,804,537,820,497,789,508,775,7 719,488,708,508,651,470,665,447,7 533,747,516,732,552,687,570,699,7 469,696,456,683,488,647,499,657,7
E:\yolov7-obb-master\VOCdevkit/VOC2007/JPEGImages/P0012__1024__0___966.png 991,221,983,238,940,212,951,196,7 937,57,941,32,997,31,997,52,7 584,248,644,291,632,310,572,269,7 809,326,792,320,808,274,826,282,7 889,144,915,149,886,329,849,322,6 865,73,884,84,849,146,831,132,6 825,149,845,161,771,273,750,259,6 806,155,790,145,814,105,828,113,7 775,162,794,174,761,234,736,222,6 780,91,799,105,709,260,688,246,6 752,83,773,98,675,241,658,231,6 661,105,685,116,642,185,617,171,7 735,80,720,66,750,38,760,49,7 660,-12,677,-12,666,32,650,29,7 621,-4,643,11,550,161,527,144,6 152,845,165,825,290,903,278,921,6 137,869,152,847,273,918,263,939,6 60,136,181,197,169,222,46,159,6 188,828,204,809,325,888,313,910,6 234,760,221,749,250,714,265,728,7 315,485,292,473,325,418,346,430,7 47,472,164,546,151,566,37,492,6 261,811,355,870,341,893,249,830,6 99,372,192,431,182,455,84,394,6 90,399,186,460,176,483,77,416,6 427,715,413,735,364,704,378,683,7 251,416,228,418,227,332,254,333,6 161,575,150,598,24,514,35,494,6 449,543,435,530,466,490,478,501,7 217,508,206,532,59,441,72,419,6 197,448,220,439,258,533,231,543,6 433,825,424,848,295,776,308,754,6 296,735,308,714,432,789,421,808,6 546,662,537,678,497,647,508,633,7 719,346,708,366,651,328,665,305,7 533,605,516,590,552,545,570,557,7 469,554,456,541,488,505,499,515,7
E:\yolov7-obb-master\VOCdevkit/VOC2007/JPEGImages/P0012__1024__1648___0.png -14,684,-1,666,149,765,134,790,6 -9,649,7,629,156,729,142,752,6 50,625,153,691,140,711,37,644,6 89,613,191,679,177,699,78,635,6 62,591,73,573,227,667,216,688,6 94,534,109,514,267,618,252,644,6 97,499,110,482,260,580,246,602,6 124,481,134,460,293,561,281,582,6 151,457,163,434,317,529,303,551,6 167,427,182,407,332,492,320,517,6 188,399,202,377,359,461,346,485,6 831,966,842,948,905,988,895,1007,6 382,942,491,1013,479,1032,369,962,6 571,629,674,697,662,716,559,649,6 861,898,961,967,948,988,846,918,6 849,865,859,852,894,877,886,890,7 893,830,998,896,986,918,881,850,6 932,777,1049,851,1036,872,917,799,6 906,721,920,695,1078,806,1060,826,6 577,516,592,493,759,599,745,623,6 615,581,722,650,710,670,602,599,6 599,607,712,678,699,701,584,627,6 561,660,668,727,656,750,547,679,6 432,900,538,973,525,992,418,921,6 543,684,646,754,634,773,528,701,6 467,699,480,680,632,777,619,798,6 517,738,619,805,607,827,502,760,6 496,763,605,831,588,855,480,781,6 471,788,459,800,417,774,428,755,7 410,812,423,791,585,891,571,915,6 364,821,379,796,549,907,537,926,6 434,868,542,937,530,957,422,889,6
E:\yolov7-obb-master\VOCdevkit/VOC2007/JPEGImages/P0012__1024__1648___824.png 360,713,376,694,530,787,520,808,6 428,677,438,658,500,692,492,717,7 544,441,557,421,723,506,710,527,6 577,383,589,363,744,458,731,478,6 592,355,600,331,770,430,760,454,6 571,392,603,415,593,428,560,407,7 396,788,500,853,491,874,384,806,6 455,701,564,762,551,785,442,719,6 547,555,657,617,645,638,533,574,6 589,508,701,564,692,585,579,529,6 594,471,712,534,697,557,581,492,6 614,327,629,304,792,394,780,415,6 707,301,816,368,803,393,692,323,6 692,259,727,281,716,296,683,273,7 692,253,700,232,872,332,858,354,6 899,874,915,867,932,905,918,910,7 711,227,721,205,890,300,880,323,6 738,158,752,136,907,230,896,252,6 831,142,842,124,905,164,895,183,6 300,213,400,279,388,302,288,234,6 290,243,404,314,392,335,277,263,6 212,259,226,237,383,343,369,361,6 234,321,351,391,340,413,222,342,6 223,351,329,418,317,438,210,369,6 197,365,296,430,285,451,184,385,6 183,393,284,460,270,480,168,410,6 151,411,257,476,247,498,138,430,6 139,467,153,445,256,513,242,533,6 141,474,256,544,244,565,128,492,6 134,506,236,571,223,592,120,524,6 90,517,197,585,186,606,76,537,6 81,548,188,615,177,635,69,566,6 49,600,163,672,151,692,34,620,6 33,622,148,697,134,718,18,643,6 90,698,150,736,136,757,76,718,6 20,654,82,693,68,716,6,674,6 326,196,434,263,420,286,313,215,6 272,154,286,133,440,231,427,250,6 382,118,491,189,479,208,369,138,6 861,74,961,143,948,164,846,94,6 849,41,859,28,894,53,886,66,7 893,6,998,72,986,94,881,26,6 432,76,538,149,525,168,418,97,6 410,-12,423,-33,585,67,571,91,6 364,-3,379,-28,549,83,537,102,6 434,44,542,113,530,133,422,65,6
E:\yolov7-obb-master\VOCdevkit/VOC2007/JPEGImages/P0012__1024__1872___824.png 136,713,152,694,306,787,296,808,6 204,677,214,658,276,692,268,717,7 320,441,333,421,499,506,486,527,6 353,383,365,363,520,458,507,478,6 368,355,376,331,546,430,536,454,6 347,392,379,415,369,428,336,407,7 172,788,276,853,267,874,160,806,6 231,701,340,762,327,785,218,719,6 323,555,433,617,421,638,309,574,6 365,508,477,564,468,585,355,529,6 370,471,488,534,473,557,357,492,6 390,327,405,304,568,394,556,415,6 483,301,592,368,579,393,468,323,6 468,259,503,281,492,296,459,273,7 468,253,476,232,648,332,634,354,6 675,874,691,867,708,905,694,910,7 487,227,497,205,666,300,656,323,6 514,158,528,136,683,230,672,252,6 607,142,618,124,681,164,671,183,6 76,213,176,279,164,302,64,234,6 66,243,180,314,168,335,53,263,6 -12,259,2,237,159,343,145,361,6 10,321,127,391,116,413,-2,342,6 -1,351,105,418,93,438,-14,369,6 102,196,210,263,196,286,89,215,6 48,154,62,133,216,231,203,250,6 158,118,267,189,255,208,145,138,6 637,74,737,143,724,164,622,94,6 625,41,635,28,670,53,662,66,7 669,6,774,72,762,94,657,26,6 208,76,314,149,301,168,194,97,6 186,-12,199,-33,361,67,347,91,6 140,-3,155,-28,325,83,313,102,6 210,44,318,113,306,133,198,65,6
E:\yolov7-obb-master\VOCdevkit/VOC2007/JPEGImages/P0012__1024__824___0.png 130,983,126,961,313,937,316,959,6 345,900,349,921,168,946,166,921,6 358,863,362,885,191,910,190,886,6 408,821,412,843,237,871,233,847,6 417,793,417,816,243,830,241,805,6 496,688,494,707,325,732,322,710,6 532,595,536,619,360,650,351,626,6 729,778,743,760,892,858,880,878,6 751,754,763,735,911,831,900,851,6 828,745,930,812,918,831,815,762,6 832,709,937,780,927,800,819,727,6 810,684,823,666,973,765,958,790,6 815,649,831,629,980,729,966,752,6 874,625,977,691,964,711,861,644,6 913,613,1015,679,1001,699,902,635,6 886,591,897,573,1051,667,1040,688,6 818,189,794,175,833,116,856,128,7 624,77,602,64,621,36,659,37,7 648,94,627,79,664,37,690,39,7 477,536,598,516,601,544,480,561,6 132,726,126,750,-47,689,-38,665,6 41,454,26,442,50,412,61,420,7 708,807,721,787,882,885,869,905,6 696,832,706,813,863,908,851,928,6 738,867,843,938,831,958,724,885,6 53,454,69,466,44,499,26,487,7 499,654,502,670,463,679,459,659,7 728,895,830,964,816,986,713,914,6 621,932,635,911,791,1006,776,1026,6 682,926,691,911,721,931,714,945,7
E:\yolov7-obb-master\VOCdevkit/VOC2007/JPEGImages/P0012__1024__824___824.png 572,186,585,164,744,262,731,285,6 557,211,570,191,716,282,704,308,6 537,232,553,212,708,311,693,336,6 504,290,521,265,681,367,664,391,6 490,313,502,291,663,395,648,417,6 541,350,648,421,635,441,522,372,6 457,367,471,347,624,443,613,464,6 446,393,461,374,612,473,599,493,6 271,211,261,228,230,206,238,194,7 238,245,227,263,193,240,204,224,7 141,314,179,343,170,358,128,331,7 167,363,159,380,116,354,127,338,7 113,199,117,174,173,173,173,194,7 130,159,126,137,313,113,316,135,6 345,76,349,97,168,122,166,97,6 358,39,362,61,191,86,190,62,6 408,-3,412,19,237,47,233,23,6 65,286,91,291,62,471,25,464,6 41,215,60,226,25,288,7,274,6 708,-17,721,-37,882,61,869,81,6 696,8,706,-11,863,84,851,104,6 738,43,843,114,831,134,724,61,6 728,71,830,140,816,162,713,90,6 958,506,1060,571,1047,592,944,524,6 914,517,1021,585,1010,606,900,537,6 905,548,1012,615,1001,635,893,566,6 873,600,987,672,975,692,858,620,6 857,622,972,697,958,718,842,643,6 914,698,974,736,960,757,900,718,6 844,654,906,693,892,716,830,674,6 621,108,635,87,791,182,776,202,6 682,102,691,87,721,107,714,121,7
E:\yolov7-obb-master\VOCdevkit/VOC2007/JPEGImages/P0012__1024__824___966.png 572,44,585,22,744,120,731,143,6 557,69,570,49,716,140,704,166,6 537,90,553,70,708,169,693,194,6 504,148,521,123,681,225,664,249,6 490,171,502,149,663,253,648,275,6 541,208,648,279,635,299,522,230,6 457,225,471,205,624,301,613,322,6 446,251,461,232,612,331,599,351,6 271,69,261,86,230,64,238,52,7 238,103,227,121,193,98,204,82,7 141,172,179,201,170,216,128,189,7 167,221,159,238,116,212,127,196,7 113,57,117,32,173,31,173,52,7 65,144,91,149,62,329,25,322,6 41,73,60,84,25,146,7,132,6 958,364,1060,429,1047,450,944,382,6 914,375,1021,443,1010,464,900,395,6 905,406,1012,473,1001,493,893,424,6 873,458,987,530,975,550,858,478,6 857,480,972,555,958,576,842,501,6 914,556,974,594,960,615,900,576,6 844,512,906,551,892,574,830,532,6
E:\yolov7-obb-master\VOCdevkit/VOC2007/JPEGImages/P0013__1024__0___0.png 267,597,280,580,330,616,319,634,7 289,584,298,568,354,596,344,615,7 305,568,315,551,371,571,359,593,7 380,704,365,721,253,630,268,611,6 367,736,355,758,220,660,229,641,6 230,669,305,727,293,744,215,685,6 287,754,275,770,222,732,236,715,7 324,814,308,836,188,736,200,720,6 287,862,274,883,148,784,162,766,6 270,904,280,918,161,1016,151,999,6 185,1035,270,954,284,969,199,1050,6 326,918,346,935,249,1051,234,1037,6 379,957,395,970,361,1011,347,996,7 800,984,808,999,779,1015,772,999,7 872,209,887,203,900,237,885,243,7 716,466,728,489,672,516,659,494,7 673,611,690,603,700,636,683,643,7 734,637,716,646,683,590,705,581,6 683,458,693,478,641,498,634,481,7 677,427,687,447,630,474,623,455,7 685,382,697,374,714,411,701,419,7 620,469,634,478,616,510,601,501,7 448,858,464,845,544,927,530,943,6 478,856,494,843,566,916,554,930,6 530,852,518,862,493,835,506,824,7 491,800,506,783,638,911,623,929,6 509,783,524,765,636,872,620,891,6 538,770,554,752,661,859,644,876,6 547,728,565,713,607,758,593,775,6 603,786,621,774,661,820,645,834,6 736,665,746,680,702,702,693,688,7 754,687,762,698,735,715,728,702,7 763,706,772,719,741,737,734,720,7 757,810,749,792,798,766,808,783,6 798,796,808,811,764,835,757,819,7 538,247,554,259,486,347,472,337,6 495,422,478,409,570,281,586,291,6 524,438,506,425,594,292,613,306,6 631,283,647,292,576,408,557,395,6 578,460,557,451,638,313,656,324,6 594,489,575,474,669,347,687,362,6 287,315,304,325,287,355,271,347,7
E:\yolov7-obb-master\VOCdevkit/VOC2007/JPEGImages/P0013__1024__0___752.png 646,449,664,458,613,562,592,552,6 676,451,695,460,641,566,621,555,6 699,467,715,478,669,571,649,562,6 732,444,751,456,687,602,664,592,6 447,488,437,507,295,434,306,413,6 297,408,280,429,155,338,169,319,6 240,443,227,462,114,378,128,361,6 398,533,388,554,255,480,269,459,6 716,706,728,684,877,758,867,778,6 576,383,596,391,567,449,545,443,7 828,693,840,672,988,745,978,765,6 1001,450,1011,467,870,545,860,526,6 868,508,859,490,1000,416,1010,434,6 850,482,844,463,980,394,988,414,6 602,399,620,408,560,533,540,524,6 558,359,577,368,509,505,490,494,6 304,87,290,106,172,11,186,-6,6 324,62,308,84,188,-16,200,-32,6 287,110,274,131,148,32,162,14,6 537,342,554,354,482,478,462,466,6 270,152,280,166,161,264,151,247,6 185,283,270,202,284,217,199,298,6 326,166,346,183,249,299,234,285,6 354,192,367,210,275,314,261,302,6 379,205,395,218,361,259,347,244,7 404,279,417,293,346,380,328,368,6 419,303,434,315,365,408,348,396,6 441,323,457,333,406,423,385,410,6 482,306,505,317,436,445,412,436,6 876,411,974,366,982,384,887,432,6 800,232,808,247,779,263,772,247,7 822,262,830,274,799,292,794,277,7 807,292,837,278,844,293,814,307,7 448,106,464,93,544,175,530,191,6 478,104,494,91,566,164,554,178,6 530,100,518,110,493,83,506,72,7 491,48,506,31,638,159,623,177,6 509,31,524,13,636,120,620,139,6 538,18,554,0,661,107,644,124,6 603,34,621,22,661,68,645,82,6 757,58,749,40,798,14,808,31,6 798,44,808,59,764,83,757,67,7
E:\yolov7-obb-master\VOCdevkit/VOC2007/JPEGImages/P0013__1024__314___0.png 65,957,81,970,47,1011,33,996,7 486,984,494,999,465,1015,458,999,7 558,209,573,203,586,237,571,243,7 402,466,414,489,358,516,345,494,7 840,53,857,37,937,127,918,145,6 923,55,942,40,1021,135,1004,154,6 855,29,891,30,947,94,925,113,6 927,260,951,241,964,259,938,279,7 978,178,996,165,1022,191,1021,231,6 957,31,989,32,994,40,970,56,6 1007,44,1024,37,1025,70,1015,58,6 999,94,1019,79,1024,89,1022,129,6 359,611,376,603,386,636,369,643,7 420,637,402,646,369,590,391,581,6 854,120,864,136,834,153,824,138,7 891,192,899,210,867,225,860,208,7 934,278,942,293,912,310,904,295,7 867,137,874,155,837,173,829,157,7 857,207,851,192,884,174,891,190,7 920,241,925,256,893,270,886,255,7 943,296,952,312,922,329,912,312,7 369,458,379,478,327,498,320,481,7 363,427,373,447,316,474,309,455,7 371,382,383,374,400,411,387,419,7 306,469,320,478,302,510,287,501,7 134,858,150,845,230,927,216,943,6 164,856,180,843,252,916,240,930,6 216,852,204,862,179,835,192,824,7 177,800,192,783,324,911,309,929,6 195,783,210,765,322,872,306,891,6 224,770,240,752,347,859,330,876,6 233,728,251,713,293,758,279,775,6 289,786,307,774,347,820,331,834,6 422,665,432,680,388,702,379,688,7 440,687,448,698,421,715,414,702,7 449,706,458,719,427,737,420,720,7 443,810,435,792,484,766,494,783,6 484,796,494,811,450,835,443,819,7 224,247,240,259,172,347,158,337,6 181,422,164,409,256,281,272,291,6 210,438,192,425,280,292,299,306,6 317,283,333,292,262,408,243,395,6 264,460,243,451,324,313,342,324,6 280,489,261,474,355,347,373,362,6
E:\yolov7-obb-master\VOCdevkit/VOC2007/JPEGImages/P0013__1024__314___752.png 304,437,322,444,274,549,255,541,6 332,449,350,458,299,562,278,552,6 362,451,381,460,327,566,307,555,6 385,467,401,478,355,571,335,562,6 418,444,437,456,373,602,350,592,6 133,488,123,507,-19,434,-8,413,6 402,706,414,684,563,758,553,778,6 262,383,282,391,253,449,231,443,7 514,693,526,672,674,745,664,765,6 626,620,633,602,774,652,767,671,6 617,649,625,629,768,680,761,698,6 645,689,653,671,800,726,793,745,6 633,709,644,693,780,752,771,769,6 826,825,818,844,759,812,766,796,7 687,450,697,467,556,545,546,526,6 554,508,545,490,686,416,696,434,6 536,482,530,463,666,394,674,414,6 288,399,306,408,246,533,226,524,6 244,359,263,368,195,505,176,494,6 223,342,240,354,168,478,148,466,6 65,205,81,218,47,259,33,244,7 90,279,103,293,32,380,14,368,6 105,303,120,315,51,408,34,396,6 127,323,143,333,92,423,71,410,6 168,306,191,317,122,445,98,436,6 562,411,660,366,668,384,573,432,6 486,232,494,247,465,263,458,247,7 508,262,516,274,485,292,480,277,7 493,292,523,278,530,293,500,307,7 952,882,985,899,983,923,941,902,7 134,106,150,93,230,175,216,191,6 164,104,180,91,252,164,240,178,6 216,100,204,110,179,83,192,72,7 177,48,192,31,324,159,309,177,6 195,31,210,13,322,120,306,139,6 224,18,240,0,347,107,330,124,6 289,34,307,22,347,68,331,82,6 443,58,435,40,484,14,494,31,6 484,44,494,59,450,83,443,67,7
E:\yolov7-obb-master\VOCdevkit/VOC2007/JPEGImages/P0018__1024__800___665.png 560,920,580,930,558,970,538,960,7 460,925,459,946,413,946,414,924,7 524,921,543,930,520,976,502,968,7
E:\yolov7-obb-master\VOCdevkit/VOC2007/JPEGImages/P0019__1024__0___0.png 120,790,98,789,104,730,124,732,6
E:\yolov7-obb-master\VOCdevkit/VOC2007/JPEGImages/P0019__1024__0___1648.png 362,994,370,974,419,990,411,1011,7
E:\yolov7-obb-master\VOCdevkit/VOC2007/JPEGImages/P0019__1024__0___2472.png 388,856,392,834,443,840,440,862,7 163,821,142,820,141,770,165,771,7 362,170,370,150,419,166,411,187,7 396,209,390,228,341,213,347,194,7
E:\yolov7-obb-master\VOCdevkit/VOC2007/JPEGImages/P0019__1024__0___2703.png 388,625,392,603,443,609,440,631,7 163,590,142,589,141,539,165,540,7
E:\yolov7-obb-master\VOCdevkit/VOC2007/JPEGImages/P0019__1024__0___824.png
E:\yolov7-obb-master\VOCdevkit/VOC2007/JPEGImages/P0019__1024__1648___0.png 528,503,509,493,527,453,545,461,1
E:\yolov7-obb-master\VOCdevkit/VOC2007/JPEGImages/P0019__1024__1648___1648.png
E:\yolov7-obb-master\VOCdevkit/VOC2007/JPEGImages/P0019__1024__1648___2472.png 108,637,109,660,64,660,63,637,7
E:\yolov7-obb-master\VOCdevkit/VOC2007/JPEGImages/P0019__1024__1648___2703.png 108,406,109,429,64,429,63,406,7
E:\yolov7-obb-master\VOCdevkit/VOC2007/JPEGImages/P0019__1024__1648___824.png
E:\yolov7-obb-master\VOCdevkit/VOC2007/JPEGImages/P0019__1024__2472___0.png 843,187,817,187,818,123,843,125,7
E:\yolov7-obb-master\VOCdevkit/VOC2007/JPEGImages/P0019__1024__2472___1648.png
E:\yolov7-obb-master\VOCdevkit/VOC2007/JPEGImages/P0019__1024__2472___2472.png 969,877,985,880,977,910,960,904,1
E:\yolov7-obb-master\VOCdevkit/VOC2007/JPEGImages/P0019__1024__2472___824.png
E:\yolov7-obb-master\VOCdevkit/VOC2007/JPEGImages/P0019__1024__3296___1648.png
E:\yolov7-obb-master\VOCdevkit/VOC2007/JPEGImages/P0019__1024__3296___2472.png 145,877,161,880,153,910,136,904,1
E:\yolov7-obb-master\VOCdevkit/VOC2007/JPEGImages/P0019__1024__3296___2703.png 145,646,161,649,153,679,136,673,1
E:\yolov7-obb-master\VOCdevkit/VOC2007/JPEGImages/P0019__1024__4120___0.png 85,198,84,221,34,216,35,196,7 26,188,28,166,83,174,80,196,7 517,238,516,218,562,216,562,238,7 527,172,524,150,567,145,569,166,7 417,136,438,142,421,178,402,171,7
E:\yolov7-obb-master\VOCdevkit/VOC2007/JPEGImages/P0019__1024__4120___1648.png
E:\yolov7-obb-master\VOCdevkit/VOC2007/JPEGImages/P0019__1024__4120___2472.png
E:\yolov7-obb-master\VOCdevkit/VOC2007/JPEGImages/P0019__1024__4944___0.png
E:\yolov7-obb-master\VOCdevkit/VOC2007/JPEGImages/P0019__1024__4944___2472.png
E:\yolov7-obb-master\VOCdevkit/VOC2007/JPEGImages/P0019__1024__4944___2703.png 881,907,897,927,862,955,847,935,1
E:\yolov7-obb-master\VOCdevkit/VOC2007/JPEGImages/P0019__1024__4944___824.png
E:\yolov7-obb-master\VOCdevkit/VOC2007/JPEGImages/P0019__1024__5549___0.png
E:\yolov7-obb-master\VOCdevkit/VOC2007/JPEGImages/P0019__1024__5549___1648.png 581,969,592,958,619,979,609,992,1
E:\yolov7-obb-master\VOCdevkit/VOC2007/JPEGImages/P0019__1024__5549___2472.png 581,145,592,134,619,155,609,168,1
E:\yolov7-obb-master\VOCdevkit/VOC2007/JPEGImages/P0019__1024__5549___2703.png 868,927,845,927,845,873,868,872,7 276,907,292,927,257,955,242,935,1
E:\yolov7-obb-master\VOCdevkit/VOC2007/JPEGImages/P0019__1024__5549___824.png
E:\yolov7-obb-master\VOCdevkit/VOC2007/JPEGImages/P0019__1024__824___0.png 662,79,644,87,622,48,641,40,7
E:\yolov7-obb-master\VOCdevkit/VOC2007/JPEGImages/P0019__1024__824___1648.png
E:\yolov7-obb-master\VOCdevkit/VOC2007/JPEGImages/P0019__1024__824___2472.png 10,846,32,848,24,896,3,892,7 932,637,933,660,888,660,887,637,7 692,772,687,791,645,786,645,765,7 333,812,312,812,314,762,335,763,7 285,733,306,729,315,771,294,777,7
E:\yolov7-obb-master\VOCdevkit/VOC2007/JPEGImages/P0019__1024__824___824.png
E:\yolov7-obb-master\VOCdevkit/VOC2007/JPEGImages/P0020__1024__0___0.png
E:\yolov7-obb-master\VOCdevkit/VOC2007/JPEGImages/P0020__1024__0___1648.png
E:\yolov7-obb-master\VOCdevkit/VOC2007/JPEGImages/P0020__1024__0___2472.png
E:\yolov7-obb-master\VOCdevkit/VOC2007/JPEGImages/P0020__1024__0___3296.png
E:\yolov7-obb-master\VOCdevkit/VOC2007/JPEGImages/P0020__1024__0___3415.png
E:\yolov7-obb-master\VOCdevkit/VOC2007/JPEGImages/P0020__1024__1648___0.png
E:\yolov7-obb-master\VOCdevkit/VOC2007/JPEGImages/P0020__1024__1648___1648.png
E:\yolov7-obb-master\VOCdevkit/VOC2007/JPEGImages/P0020__1024__1648___3296.png
E:\yolov7-obb-master\VOCdevkit/VOC2007/JPEGImages/P0020__1024__1648___824.png
E:\yolov7-obb-master\VOCdevkit/VOC2007/JPEGImages/P0020__1024__824___0.png
E:\yolov7-obb-master\VOCdevkit/VOC2007/JPEGImages/P0020__1024__824___2472.png
E:\yolov7-obb-master\VOCdevkit/VOC2007/JPEGImages/P0020__1024__824___3296.png
E:\yolov7-obb-master\VOCdevkit/VOC2007/JPEGImages/P0020__1024__824___3415.png
E:\yolov7-obb-master\VOCdevkit/VOC2007/JPEGImages/P0020__1024__824___824.png
